53
79
42
9
22
22
81
19
28
68
55
16
58
72
57
87
27
21
85
7
19
11
12
3
88
62
38
5
82
27
71
77
50
87
58
55
92
81
29
75
22
3
2
66
47
22
10
65
21
56
35
91
71
9
74
25
93
97
36
46
51
21
37
67
2
10
55
8
97
38
41
77
38
10
83
24
20
57
83
49
94
91
69
4
54
94
82
10
96
96
37
57
44
60
20
25
13
8
61
47
83
67
92
21
70
19
8
86
75
44
53
42
98
93
91
74
28
23
26
27
47
61
40
29
78
31
17
93
25
90
64
12
20
84
77
75
37
32
35
0
7
70
68
8
3
75
20
8
56
38
5
42
87
96
27
27
0
83
46
92
55
45
91
54
52
86
79
48
46
22
44
11
93
95
31
39
39
59
49
65
13
51
31
96
3
2
83
36
3
41
18
31
66
43
91
28
19
34
98
60
