392
88
273
29
496
212
398
424
411
242
272
236
116
189
295
345
390
393
190
433
298
379
273
163
156
134
215
244
154
246
99
475
53
385
331
306
348
312
102
321
102
325
265
70
54
101
450
444
427
58
182
297
106
167
43
169
9
210
163
473
448
263
97
434
306
202
359
257
307
59
398
436
432
83
25
286
27
54
472
361
422
3
73
217
426
462
444
35
485
152
248
3
241
168
191
250
16
22
443
372
188
478
379
472
354
237
24
277
73
163
196
241
78
454
310
372
352
282
158
44
216
84
79
157
113
189
279
420
491
391
84
127
21
158
170
70
194
97
440
49
246
64
247
433
401
71
435
400
221
104
214
459
312
355
487
131
415
254
445
207
29
168
361
59
63
234
26
460
164
110
311
425
392
161
31
266
472
431
400
275
169
315
429
31
419
99
311
219
231
357
465
6
30
306
191
133
244
23
96
175
290
72
455
134
457
50
194
206
410
250
49
150
419
342
208
207
191
6
456
278
56
15
358
243
316
257
126
416
227
475
352
276
258
472
97
92
66
247
25
495
458
34
262
469
241
162
471
158
208
276
355
36
133
30
40
370
211
143
218
106
193
127
189
223
32
347
323
39
67
450
339
490
494
135
131
107
339
92
223
359
308
402
468
73
422
147
167
478
2
244
103
306
372
432
27
257
5
335
380
357
343
234
377
186
427
205
264
346
222
53
336
493
268
457
283
448
369
481
456
304
172
294
312
309
467
405
83
252
105
419
146
364
307
34
41
323
22
193
375
246
319
220
24
299
50
209
473
315
46
339
55
28
172
344
238
341
493
129
373
395
204
498
410
394
274
19
326
197
424
471
412
106
458
18
395
26
94
281
378
322
108
382
323
106
354
27
288
143
481
92
111
435
57
72
395
78
321
302
266
343
54
484
500
272
365
35
222
411
293
129
36
144
312
480
166
414
110
194
170
346
171
346
59
125
188
289
366
493
293
342
454
280
483
7
234
298
445
12
213
165
430
205
152
442
123
229
97
189
52
351
61
116
372
160
295
314
36
482
297
400
416
63
264
63
159
217
149
215
263
61
432
41
426
214
76
281
287
223
424
155
252
28
116
472
461
230
283
116
25
155
223
125
286
232
52
300
58
135
484
424
40
313
243
299
372
267
278
270
485
247
124
390
5
227
77
421
285
74
119
459
29
349
100
247
385
463
326
168
173
97
337
492
201
375
109
170
7
213
305
373
36
277
87
62
305
414
295
101
496
33
377
377
38
79
157
496
26
164
446
244
211
14
41
313
324
64
276
30
86
419
444
288
264
16
153
217
485
476
22
392
68
208
200
265
196
383
165
400
399
269
168
365
271
443
298
271
398
440
140
245
18
134
227
262
286
74
279
336
267
63
159
425
256
183
498
122
146
79
445
11
202
346
437
459
91
384
97
110
281
96
200
166
308
486
296
452
500
476
430
73
49
390
243
148
95
353
131
184
330
313
247
203
171
81
181
20
312
342
233
292
332
135
326
275
20
356
279
164
203
410
74
7
21
4
125
289
52
232
268
127
316
18
203
216
62
427
21
450
412
45
310
46
484
436
144
107
246
449
389
116
441
277
78
410
371
178
114
330
182
98
310
279
476
465
179
48
25
210
72
102
375
497
25
304
303
456
359
67
233
350
135
427
79
273
19
446
422
205
385
50
173
303
107
393
451
172
155
3
117
297
77
39
275
420
202
172
112
435
245
255
428
280
465
479
370
363
195
471
325
500
26
309
380
339
345
133
59
271
408
350
159
310
441
417
488
141
280
79
255
465
8
354
42
371
470
307
131
28
283
29
223
58
109
292
37
345
382
233
284
130
446
329
151
485
29
277
148
2
498
204
196
2
312
296
477
76
53
54
478
138
140
6
142
98
36
304
443
202
32
54
302
266
489
257
497
71
274
387
93
365
486
348
416
178
307
250
228
342
386
233
290
372
346
64
480
129
7
102
462
467
81
65
11
410
405
491
421
280
492
445
244
181
81
296
203
282
402
407
471
121
128
121
433
150
81
240
134
496
478
482
300
484
228
319
189
323
5
311
396
240
151
205
85
6
181
335
418
193
241
137
146
414
192
144
382
287
329
317
83
331
65
364
77
143
218
428
422
87
370
399
279
452
359
494
381
484
418
498
477
339
170
176
495
269
377
291
402
102
489
31
158
264
322
462
323
149
208
23
214
157
6
381
450
193
126
153
437
185
305
374
480
395
332
29
14
437
157
485
369
186
123
152
335
78
326
244
394
155
112
97
